1750088233239 0.9444444444444444 0
1750088233507 0.9444444444444444 0
1750088233688 0.9444444444444444 0
1750088233866 0.9444444444444444 0
1750088234000 0.9444444444444444 0
1750088234236 0.9444444444444444 0
1750088234454 0.9444444444444444 0
1750088235034 0.9444444444444444 0
1750088235223 0.9444444444444444 0
1750088235382 0.9444444444444444 0
1750088235574 0.9444444444444444 0
1750088235756 0.9444444444444444 0
1750088235920 0.9444444444444444 0
1750088236144 0.9444444444444444 0
1750088236292 0.9444444444444444 0
1750088236508 0.9444444444444444 0
1750088236755 0.9444444444444444 0
1750088237011 0.9444444444444444 0
1750088237382 0.9444444444444444 0
1750088237639 0.9444444444444444 0
1750088237869 0.9444444444444444 0
1750088238052 0.9444444444444444 0
1750088238216 0.9444444444444444 0
1750088238390 0.9444444444444444 0
1750088238681 0.9444444444444444 0
1750088238954 0.9444444444444444 0
1750088239170 0.9444444444444444 0
1750088239372 0.9444444444444444 0
1750088239564 0.9444444444444444 0
1750088239768 0.9444444444444444 0
1750088240050 0.9444444444444444 0
1750088240378 0.9444444444444444 0
1750088240807 0.9444444444444444 0
1750088241072 0.9444444444444444 0
1750088241544 0.9444444444444444 0
1750088241949 0.9444444444444444 0
1750088242312 0.9444444444444444 0
1750088242821 0.9444444444444444 0
1750088243091 0.9444444444444444 0
1750088243424 0.9444444444444444 0
1750088243738 0.9444444444444444 0
1750088244117 0.9444444444444444 0
1750088244397 0.9444444444444444 0
1750088244667 0.9305555555555556 0
1750088244894 0.9444444444444444 0
1750088245071 0.9444444444444444 0
1750088245264 0.9444444444444444 0
1750088245414 0.9444444444444444 0
1750088245594 0.9444444444444444 0
1750088245822 0.9444444444444444 0
