1750088233264 0.9444444444444444 0
1750088233524 0.9444444444444444 0
1750088233704 0.9444444444444444 0
1750088233880 0.9444444444444444 0
1750088234014 0.9444444444444444 0
1750088234254 0.9444444444444444 0
1750088234471 0.9444444444444444 0
1750088235054 0.9444444444444444 0
1750088235241 0.9444444444444444 0
1750088235395 0.9444444444444444 0
1750088235590 0.9444444444444444 0
1750088235770 0.9444444444444444 0
1750088235941 0.9444444444444444 0
1750088236161 0.9444444444444444 0
1750088236308 0.9444444444444444 0
1750088236524 0.9444444444444444 0
1750088236777 0.9444444444444444 0
1750088237035 0.9444444444444444 0
1750088237401 0.9444444444444444 0
1750088237655 0.9444444444444444 0
1750088237888 0.9444444444444444 0
1750088238068 0.9444444444444444 0
1750088238234 0.9444444444444444 0
1750088238408 0.9444444444444444 0
1750088238701 0.9444444444444444 0
1750088238976 0.9444444444444444 0
1750088239188 0.9444444444444444 0
1750088239393 0.9444444444444444 0
1750088239581 0.9444444444444444 0
1750088239783 0.9444444444444444 0
1750088240074 0.9444444444444444 0
1750088240397 0.9444444444444444 0
1750088240827 0.9444444444444444 0
1750088241099 0.9444444444444444 0
1750088241563 0.9444444444444444 0
1750088241969 0.9444444444444444 0
1750088242335 0.9444444444444444 0
1750088242842 0.9444444444444444 0
1750088243110 0.9444444444444444 0
1750088243442 0.9444444444444444 0
1750088243756 0.9444444444444444 0
1750088244141 0.9444444444444444 0
1750088244416 0.9444444444444444 0
1750088244684 0.9296737213403881 0
1750088244908 0.9444444444444444 0
1750088245086 0.9444444444444444 0
1750088245279 0.9444444444444444 0
1750088245428 0.9444444444444444 0
1750088245609 0.9444444444444444 0
1750088245838 0.9444444444444444 0
