1750088233247 0.9444444444444444 0
1750088233512 0.9444444444444444 0
1750088233694 0.9444444444444444 0
1750088233871 0.9444444444444444 0
1750088234007 0.9444444444444444 0
1750088234243 0.9444444444444444 0
1750088234461 0.9444444444444444 0
1750088235042 0.9444444444444444 0
1750088235229 0.9444444444444444 0
1750088235387 0.9444444444444444 0
1750088235580 0.9444444444444444 0
1750088235760 0.9444444444444444 0
1750088235928 0.9444444444444444 0
1750088236148 0.9444444444444444 0
1750088236298 0.9444444444444444 0
1750088236514 0.9444444444444444 0
1750088236764 0.9444444444444444 0
1750088237018 0.9444444444444444 0
1750088237388 0.9444444444444444 0
1750088237644 0.9444444444444444 0
1750088237875 0.9444444444444444 0
1750088238058 0.9444444444444444 0
1750088238223 0.9444444444444444 0
1750088238397 0.9444444444444444 0
1750088238688 0.9444444444444444 0
1750088238962 0.9444444444444444 0
1750088239176 0.9444444444444444 0
1750088239378 0.9444444444444444 0
1750088239569 0.9444444444444444 0
1750088239774 0.9444444444444444 0
1750088240060 0.9444444444444444 0
1750088240386 0.9444444444444444 0
1750088240813 0.9444444444444444 0
1750088241081 0.9444444444444444 0
1750088241550 0.9444444444444444 0
1750088241957 0.9444444444444444 0
1750088242320 0.9444444444444444 0
1750088242828 0.9444444444444444 0
1750088243098 0.9444444444444444 0
1750088243432 0.9444444444444444 0
1750088243744 0.9444444444444444 0
1750088244122 0.9444444444444444 0
1750088244402 0.9444444444444444 0
1750088244674 0.9297619047619047 0
1750088244900 0.9444444444444444 0
1750088245076 0.9444444444444444 0
1750088245268 0.9444444444444444 0
1750088245419 0.9444444444444444 0
1750088245600 0.9444444444444444 0
1750088245829 0.9444444444444444 0
