1750088233258 0.9444444444444444 0
1750088233519 0.9444444444444444 0
1750088233698 0.9444444444444444 0
1750088233877 0.9444444444444444 0
1750088234011 0.9444444444444444 0
1750088234246 0.9444444444444444 0
1750088234465 0.9444444444444444 0
1750088235046 0.9444444444444444 0
1750088235236 0.9444444444444444 0
1750088235392 0.9444444444444444 0
1750088235584 0.9444444444444444 0
1750088235766 0.9444444444444444 0
1750088235934 0.9444444444444444 0
1750088236154 0.9444444444444444 0
1750088236303 0.9444444444444444 0
1750088236519 0.9444444444444444 0
1750088236768 0.9444444444444444 0
1750088237026 0.9444444444444444 0
1750088237394 0.9444444444444444 0
1750088237649 0.9444444444444444 0
1750088237882 0.9444444444444444 0
1750088238060 0.9444444444444444 0
1750088238229 0.9444444444444444 0
1750088238403 0.9444444444444444 0
1750088238693 0.9444444444444444 0
1750088238968 0.9444444444444444 0
1750088239182 0.9444444444444444 0
1750088239384 0.9444444444444444 0
1750088239577 0.9444444444444444 0
1750088239778 0.9444444444444444 0
1750088240066 0.9444444444444444 0
1750088240391 0.9444444444444444 0
1750088240819 0.9444444444444444 0
1750088241091 0.9444444444444444 0
1750088241557 0.9444444444444444 0
1750088241963 0.9444444444444444 0
1750088242328 0.9444444444444444 0
1750088242837 0.9444444444444444 0
1750088243104 0.9444444444444444 0
1750088243437 0.9444444444444444 0
1750088243752 0.9444444444444444 0
1750088244133 0.9444444444444444 0
1750088244409 0.9444444444444444 0
1750088244679 0.9305555555555556 0
1750088244904 0.9444444444444444 0
1750088245081 0.9444444444444444 0
1750088245274 0.9444444444444444 0
1750088245424 0.9444444444444444 0
1750088245604 0.9444444444444444 0
1750088245834 0.9444444444444444 0
