1750088460065 0.9444444444444444 0
1750088460347 0.9444444444444444 0
1750088460931 0.9444444444444444 0
1750088461996 0.9444444444444444 0
1750088462344 0.9444444444444444 0
1750088463101 0.9444444444444444 0
1750088463793 0.9444444444444444 0
1750088464301 0.9444444444444444 0
1750088464653 0.9444444444444444 0
1750088465304 0.9444444444444444 0
1750088467151 0.9444444444444444 0
1750088468263 0.9444444444444444 0
1750088469194 0.9444444444444444 0
1750088470145 0.9444444444444444 0
1750088471396 0.9444444444444444 0
1750088472134 0.9305555555555556 0
1750088473331 0.9444444444444444 0
1750088474090 0.9444444444444444 0
1750088474911 0.9444444444444444 0
1750088476548 0.9444444444444444 0
1750088477287 0.9444444444444444 0
1750088478140 0.9444444444444444 0
1750088479450 0.9444444444444444 0
1750088482580 0.9444444444444444 0
1750088483792 0.9444444444444444 0
1750088484693 0.9444444444444444 0
1750088485438 0.9444444444444444 0
1750088485772 0.9166666666666666 0
1750088486120 0.9444444444444444 0
1750088486413 0.9444444444444444 0
1750088486815 0.9444444444444444 0
1750088487241 0.9444444444444444 0
1750088487829 0.9444444444444444 0
1750088488341 0.9444444444444444 0
1750088488677 0.9444444444444444 0
1750088489082 0.9444444444444444 0
1750088489293 0.9444444444444444 0
1750088489646 0.9444444444444444 0
1750088489886 0.9444444444444444 0
1750088490079 0.9444444444444444 0
1750088490400 0.9444444444444444 0
1750088490764 0.9444444444444444 0
1750088491006 0.9444444444444444 0
1750088491251 0.9444444444444444 0
1750088491423 0.9444444444444444 0
1750088491716 0.9444444444444444 0
1750088492254 0.9444444444444444 0
1750088492647 0.9444444444444444 0
1750088492922 0.9444444444444444 0
1750088493561 0.9444444444444444 0
