1750088460083 0.9444444444444444 0
1750088460364 0.9444444444444444 0
1750088460966 0.9444444444444444 0
1750088462047 0.9444444444444444 0
1750088462363 0.944381443298969 0
1750088463141 0.9444444444444444 0
1750088463820 0.9444444444444444 0
1750088464334 0.9444444444444444 0
1750088464698 0.9444444444444444 0
1750088465345 0.9444444444444444 0
1750088467186 0.9444444444444444 0
1750088468297 0.9444444444444444 0
1750088469222 0.9444444444444444 0
1750088470200 0.9444444444444444 0
1750088471442 0.9444444444444444 0
1750088472168 0.9311078622482132 0
1750088473379 0.9444444444444444 0
1750088474130 0.9444444444444444 0
1750088474966 0.9444444444444444 0
1750088476600 0.9444444444444444 0
1750088477336 0.9444444444444444 0
1750088478194 0.9444444444444444 0
1750088479500 0.9444444444444444 0
1750088482666 0.9444444444444444 0
1750088483855 0.9444444444444444 0
1750088484744 0.9444444444444444 0
1750088485460 0.9444444444444444 0
1750088485789 0.914484126984127 0
1750088486136 0.9444444444444444 0
1750088486426 0.9444444444444444 0
1750088486830 0.9444444444444444 0
1750088487286 0.9444444444444444 0
1750088487849 0.9444444444444444 0
1750088488363 0.9444444444444444 0
1750088488696 0.9444444444444444 0
1750088489099 0.9444444444444444 0
1750088489316 0.9444444444444444 0
1750088489663 0.9444444444444444 0
1750088489902 0.9444444444444444 0
1750088490096 0.9444444444444444 0
1750088490413 0.9444444444444444 0
1750088490786 0.9444444444444444 0
1750088491026 0.9444444444444444 0
1750088491266 0.9444444444444444 0
1750088491438 0.9444444444444444 0
1750088491733 0.9444444444444444 0
1750088492276 0.9444444444444444 0
1750088492663 0.9444444444444444 0
1750088492942 0.9444444444444444 0
1750088493576 0.9444444444444444 0
