1750088460072 0.9444444444444444 0
1750088460352 0.9444444444444444 0
1750088460940 0.9444444444444444 0
1750088462012 0.9444444444444444 0
1750088462351 0.9450113378684806 0
1750088463117 0.9444444444444444 0
1750088463799 0.9444444444444444 0
1750088464311 0.9444444444444444 0
1750088464670 0.9444444444444444 0
1750088465319 0.9444444444444444 0
1750088467166 0.9444444444444444 0
1750088468274 0.9444444444444444 0
1750088469206 0.9444444444444444 0
1750088470165 0.9444444444444444 0
1750088471408 0.9444444444444444 0
1750088472147 0.9322441742654508 0
1750088473346 0.9444444444444444 0
1750088474101 0.9444444444444444 0
1750088474929 0.9444444444444444 0
1750088476566 0.9444444444444444 0
1750088477303 0.9444444444444444 0
1750088478160 0.9444444444444444 0
1750088479468 0.9444444444444444 0
1750088482624 0.9444444444444444 0
1750088483811 0.9444444444444444 0
1750088484708 0.9444444444444444 0
1750088485446 0.9444444444444444 0
1750088485779 0.9160493827160495 0
1750088486126 0.9444444444444444 0
1750088486417 0.9444444444444444 0
1750088486820 0.9444444444444444 0
1750088487254 0.9444444444444444 0
1750088487834 0.9444444444444444 0
1750088488349 0.9444444444444444 0
1750088488682 0.9444444444444444 0
1750088489088 0.9444444444444444 0
1750088489303 0.9444444444444444 0
1750088489652 0.9444444444444444 0
1750088489893 0.9444444444444444 0
1750088490086 0.9444444444444444 0
1750088490406 0.9444444444444444 0
1750088490774 0.9444444444444444 0
1750088491014 0.9444444444444444 0
1750088491256 0.9444444444444444 0
1750088491429 0.9444444444444444 0
1750088491722 0.9444444444444444 0
1750088492262 0.9444444444444444 0
1750088492651 0.9444444444444444 0
1750088492930 0.9444444444444444 0
1750088493566 0.9444444444444444 0
