1750088460076 0.9444444444444444 0
1750088460357 0.9444444444444444 0
1750088460949 0.9444444444444444 0
1750088462030 0.9444444444444444 0
1750088462357 0.9444444444444444 0
1750088463131 0.9444444444444444 0
1750088463808 0.9444444444444444 0
1750088464320 0.9444444444444444 0
1750088464684 0.9444444444444444 0
1750088465330 0.9444444444444444 0
1750088467174 0.9444444444444444 0
1750088468287 0.9444444444444444 0
1750088469217 0.9444444444444444 0
1750088470182 0.9444444444444444 0
1750088471426 0.9444444444444444 0
1750088472159 0.9305555555555556 0
1750088473362 0.9444444444444444 0
1750088474117 0.9444444444444444 0
1750088474947 0.9444444444444444 0
1750088476582 0.9444444444444444 0
1750088477319 0.9444444444444444 0
1750088478179 0.9444444444444444 0
1750088479486 0.9444444444444444 0
1750088482644 0.9444444444444444 0
1750088483832 0.9444444444444444 0
1750088484727 0.9444444444444444 0
1750088485455 0.9444444444444444 0
1750088485784 0.9166666666666666 0
1750088486131 0.9444444444444444 0
1750088486422 0.9444444444444444 0
1750088486824 0.9444444444444444 0
1750088487263 0.9444444444444444 0
1750088487840 0.9444444444444444 0
1750088488358 0.9444444444444444 0
1750088488690 0.9444444444444444 0
1750088489094 0.9444444444444444 0
1750088489309 0.9444444444444444 0
1750088489658 0.9444444444444444 0
1750088489898 0.9444444444444444 0
1750088490092 0.9444444444444444 0
1750088490411 0.9444444444444444 0
1750088490782 0.9444444444444444 0
1750088491018 0.9444444444444444 0
1750088491261 0.9444444444444444 0
1750088491432 0.9444444444444444 0
1750088491728 0.9444444444444444 0
1750088492271 0.9444444444444444 0
1750088492658 0.9444444444444444 0
1750088492936 0.9444444444444444 0
1750088493570 0.9444444444444444 0
