1750089684987 0.9444444444444444 0
1750089685257 0.9444444444444444 0
1750089685632 0.9444444444444444 0
1750089685966 0.9444444444444444 0
1750089686196 0.9444444444444444 0
1750089686403 0.9444444444444444 0
1750089686739 0.9444444444444444 0
1750089687047 0.9444444444444444 0
1750089687157 0.9444444444444444 0
1750089687409 0.9444444444444444 0
1750089687725 0.9444444444444444 0
1750089687984 0.9444444444444444 0
1750089688284 0.9444444444444444 0
1750089688613 0.9444444444444444 0
1750089688885 0.9444444444444444 0
1750089689031 0.9444444444444444 0
1750089689232 0.9444444444444444 0
1750089689432 0.9444444444444444 0
1750089689625 0.9444444444444444 0
1750089689836 0.9444444444444444 0
1750089689984 0.9444444444444444 0
1750089690304 0.9444444444444444 0
1750089690617 0.9444444444444444 0
1750089690918 0.9444444444444444 0
1750089691378 0.9444444444444444 0
1750089691870 0.9444444444444444 0
1750089692052 0.9444444444444444 0
1750089692280 0.9444444444444444 0
1750089692624 0.9444444444444444 0
1750089693018 0.9444444444444444 0
1750089693488 0.9444444444444444 0
1750089693751 0.9444444444444444 0
1750089694044 0.9444444444444444 0
1750089694318 0.9444444444444444 0
1750089694632 0.9444444444444444 0
1750089694891 0.9444444444444444 0
1750089695226 0.9444444444444444 0
1750089695524 0.9444444444444444 0
1750089695771 0.9444444444444444 0
1750089696024 0.9444444444444444 0
1750089696922 0.9444444444444444 0
1750089697446 0.9444444444444444 0
1750089698053 0.9444444444444444 0
1750089698497 0.9444444444444444 0
1750089698985 0.9444444444444444 0
1750089699689 0.9444444444444444 0
1750089700331 0.9444444444444444 0
1750089700953 0.9444444444444444 0
1750089701851 0.9444444444444444 0
1750089702653 0.9444444444444444 0
