1750089685018 0.9444444444444444 0
1750089685275 0.9444444444444444 0
1750089685644 0.9444444444444444 0
1750089685989 0.9444444444444444 0
1750089686220 0.9444444444444444 0
1750089686425 0.9444444444444444 0
1750089686764 0.9444444444444444 0
1750089687061 0.9444444444444444 0
1750089687173 0.9444444444444444 0
1750089687425 0.9444444444444444 0
1750089687742 0.9444444444444444 0
1750089688007 0.9444444444444444 0
1750089688296 0.9444444444444444 0
1750089688627 0.9444444444444444 0
1750089688899 0.9444444444444444 0
1750089689052 0.9444444444444444 0
1750089689247 0.9444444444444444 0
1750089689448 0.9444444444444444 0
1750089689641 0.9444444444444444 0
1750089689852 0.9444444444444444 0
1750089690002 0.9444444444444444 0
1750089690320 0.9444444444444444 0
1750089690632 0.9444444444444444 0
1750089690953 0.9444444444444444 0
1750089691401 0.9444444444444444 0
1750089691884 0.9444444444444444 0
1750089692070 0.9444444444444444 0
1750089692301 0.9444444444444444 0
1750089692646 0.9444444444444444 0
1750089693034 0.9444444444444444 0
1750089693506 0.9444444444444444 0
1750089693771 0.9444444444444444 0
1750089694100 0.9444444444444444 0
1750089694341 0.9444444444444444 0
1750089694647 0.9444444444444444 0
1750089694906 0.9444444444444444 0
1750089695249 0.9444444444444444 0
1750089695541 0.9444444444444444 0
1750089695787 0.9444444444444444 0
1750089696080 0.9444444444444444 0
1750089696974 0.9444444444444444 0
1750089697483 0.9444444444444444 0
1750089698082 0.9444444444444444 0
1750089698549 0.9444444444444444 0
1750089699035 0.9444444444444444 0
1750089699736 0.9444444444444444 0
1750089700373 0.9444444444444444 0
1750089700999 0.9444444444444444 0
1750089701898 0.9444444444444444 0
1750089702702 0.9444444444444444 0
