1750089684998 0.9444444444444444 0
1750089685263 0.9444444444444444 0
1750089685636 0.9444444444444444 0
1750089685973 0.9444444444444444 0
1750089686204 0.9444444444444444 0
1750089686412 0.9444444444444444 0
1750089686747 0.9444444444444444 0
1750089687053 0.9444444444444444 0
1750089687164 0.9444444444444444 0
1750089687415 0.9444444444444444 0
1750089687732 0.9444444444444444 0
1750089687992 0.9444444444444444 0
1750089688289 0.9444444444444444 0
1750089688617 0.9444444444444444 0
1750089688891 0.9444444444444444 0
1750089689038 0.9444444444444444 0
1750089689238 0.9444444444444444 0
1750089689438 0.9444444444444444 0
1750089689632 0.9444444444444444 0
1750089689842 0.9444444444444444 0
1750089689990 0.9444444444444444 0
1750089690310 0.9444444444444444 0
1750089690622 0.9444444444444444 0
1750089690927 0.9444444444444444 0
1750089691386 0.9444444444444444 0
1750089691875 0.9444444444444444 0
1750089692058 0.9444444444444444 0
1750089692287 0.9444444444444444 0
1750089692633 0.9444444444444444 0
1750089693022 0.9444444444444444 0
1750089693494 0.9444444444444444 0
1750089693758 0.9444444444444444 0
1750089694051 0.9444444444444444 0
1750089694326 0.9444444444444444 0
1750089694637 0.9444444444444444 0
1750089694896 0.9444444444444444 0
1750089695234 0.9444444444444444 0
1750089695530 0.9444444444444444 0
1750089695777 0.9444444444444444 0
1750089696042 0.9444444444444444 0
1750089696939 0.9444444444444444 0
1750089697458 0.9444444444444444 0
1750089698067 0.9444444444444444 0
1750089698516 0.9444444444444444 0
1750089699002 0.9444444444444444 0
1750089699704 0.9444444444444444 0
1750089700346 0.9444444444444444 0
1750089700968 0.9444444444444444 0
1750089701865 0.9444444444444444 0
1750089702671 0.9444444444444444 0
