1750089685002 0.9444444444444444 0
1750089685269 0.9444444444444444 0
1750089685640 0.9444444444444444 0
1750089685980 0.9444444444444444 0
1750089686212 0.9444444444444444 0
1750089686419 0.9444444444444444 0
1750089686754 0.9444444444444444 0
1750089687057 0.9444444444444444 0
1750089687168 0.9444444444444444 0
1750089687421 0.9444444444444444 0
1750089687737 0.9444444444444444 0
1750089688000 0.9444444444444444 0
1750089688294 0.9444444444444444 0
1750089688622 0.9444444444444444 0
1750089688893 0.9444444444444444 0
1750089689046 0.9444444444444444 0
1750089689242 0.9444444444444444 0
1750089689442 0.9444444444444444 0
1750089689636 0.9444444444444444 0
1750089689847 0.9444444444444444 0
1750089689996 0.9444444444444444 0
1750089690315 0.9444444444444444 0
1750089690626 0.9444444444444444 0
1750089690943 0.9444444444444444 0
1750089691396 0.9444444444444444 0
1750089691879 0.9444444444444444 0
1750089692064 0.9444444444444444 0
1750089692294 0.9444444444444444 0
1750089692640 0.9444444444444444 0
1750089693029 0.9444444444444444 0
1750089693501 0.9444444444444444 0
1750089693764 0.9444444444444444 0
1750089694094 0.9444444444444444 0
1750089694334 0.9444444444444444 0
1750089694641 0.9444444444444444 0
1750089694902 0.9444444444444444 0
1750089695244 0.9444444444444444 0
1750089695535 0.9444444444444444 0
1750089695782 0.9444444444444444 0
1750089696061 0.9444444444444444 0
1750089696957 0.9444444444444444 0
1750089697468 0.9444444444444444 0
1750089698074 0.9444444444444444 0
1750089698534 0.9444444444444444 0
1750089699018 0.9444444444444444 0
1750089699720 0.9444444444444444 0
1750089700361 0.9444444444444444 0
1750089700983 0.9444444444444444 0
1750089701883 0.9444444444444444 0
1750089702686 0.9444444444444444 0
