1750089383185 0.9444444444444444 0
1750089383434 0.9444444444444444 0
1750089383874 0.9444444444444444 0
1750089384082 0.9444444444444444 0
1750089384244 0.9444444444444444 0
1750089384552 0.9444444444444444 0
1750089384723 0.9444444444444444 0
1750089384913 0.9444444444444444 0
1750089385169 0.9444444444444444 0
1750089385501 0.9444444444444444 0
1750089385988 0.9444444444444444 0
1750089386209 0.9166666666666666 0
1750089386562 0.9444444444444444 0
1750089387069 0.9444444444444444 0
1750089387357 0.9444444444444444 0
1750089387782 0.9444444444444444 0
1750089388021 0.9444444444444444 0
1750089388322 0.9444444444444444 0
1750089388682 0.9444444444444444 0
1750089389010 0.9444444444444444 0
1750089389325 0.9444444444444444 0
1750089389620 0.9444444444444444 0
1750089389912 0.9444444444444444 0
1750089390155 0.9444444444444444 0
1750089390427 0.9444444444444444 0
1750089390766 0.9444444444444444 0
1750089391109 0.9444444444444444 0
1750089391362 0.9444444444444444 0
1750089391639 0.9444444444444444 0
1750089391839 0.9444444444444444 0
1750089392076 0.9444444444444444 0
1750089392222 0.9444444444444444 0
1750089392451 0.9444444444444444 0
1750089392736 0.9444444444444444 0
1750089392955 0.9444444444444444 0
1750089393163 0.9444444444444444 0
1750089393490 0.9444444444444444 0
1750089393861 0.9444444444444444 0
1750089394119 0.9444444444444444 0
1750089394330 0.9444444444444444 0
1750089394612 0.9444444444444444 0
1750089394845 0.9444444444444444 0
1750089395146 0.9444444444444444 0
1750089395418 0.9444444444444444 0
1750089395677 0.9444444444444444 0
1750089395991 0.9444444444444444 0
1750089396459 0.9444444444444444 0
1750089397072 0.9444444444444444 0
1750089397469 0.9444444444444444 0
1750089397812 0.9444444444444444 0
