1750089383199 0.9444444444444444 0
1750089383450 0.9444444444444444 0
1750089383892 0.9444444444444444 0
1750089384099 0.9444444444444444 0
1750089384262 0.9444444444444444 0
1750089384572 0.9444444444444444 0
1750089384750 0.9444444444444444 0
1750089384932 0.9444444444444444 0
1750089385190 0.9444444444444444 0
1750089385519 0.9444444444444444 0
1750089386005 0.9444444444444444 0
1750089386228 0.914484126984127 0
1750089386582 0.9444444444444444 0
1750089387092 0.9444444444444444 0
1750089387378 0.9444444444444444 0
1750089387796 0.9444444444444444 0
1750089388036 0.9444444444444444 0
1750089388339 0.9444444444444444 0
1750089388698 0.9444444444444444 0
1750089389035 0.9444444444444444 0
1750089389346 0.9444444444444444 0
1750089389643 0.9444444444444444 0
1750089389934 0.9444444444444444 0
1750089390171 0.9444444444444444 0
1750089390448 0.9444444444444444 0
1750089390786 0.9444444444444444 0
1750089391129 0.9444444444444444 0
1750089391386 0.9444444444444444 0
1750089391658 0.9444444444444444 0
1750089391857 0.9444444444444444 0
1750089392092 0.9444444444444444 0
1750089392239 0.9444444444444444 0
1750089392473 0.9444444444444444 0
1750089392755 0.9444444444444444 0
1750089392973 0.9444444444444444 0
1750089393183 0.9444444444444444 0
1750089393507 0.9444444444444444 0
1750089393882 0.9444444444444444 0
1750089394140 0.9444444444444444 0
1750089394348 0.9444444444444444 0
1750089394634 0.9444444444444444 0
1750089394866 0.9444444444444444 0
1750089395170 0.9444444444444444 0
1750089395437 0.9444444444444444 0
1750089395698 0.9444444444444444 0
1750089396014 0.9444444444444444 0
1750089396486 0.9444444444444444 0
1750089397095 0.9444444444444444 0
1750089397486 0.9444444444444444 0
1750089397835 0.9444444444444444 0
