1750089383192 0.9444444444444444 0
1750089383437 0.9444444444444444 0
1750089383880 0.9444444444444444 0
1750089384088 0.9444444444444444 0
1750089384250 0.9444444444444444 0
1750089384559 0.9444444444444444 0
1750089384731 0.9444444444444444 0
1750089384918 0.9444444444444444 0
1750089385177 0.9444444444444444 0
1750089385508 0.9444444444444444 0
1750089385994 0.9444444444444444 0
1750089386216 0.9160493827160495 0
1750089386571 0.9444444444444444 0
1750089387078 0.9444444444444444 0
1750089387363 0.9444444444444444 0
1750089387786 0.9444444444444444 0
1750089388026 0.9444444444444444 0
1750089388329 0.9444444444444444 0
1750089388688 0.9444444444444444 0
1750089389021 0.9444444444444444 0
1750089389332 0.9444444444444444 0
1750089389627 0.9444444444444444 0
1750089389919 0.9444444444444444 0
1750089390161 0.9444444444444444 0
1750089390434 0.9444444444444444 0
1750089390772 0.9444444444444444 0
1750089391117 0.9444444444444444 0
1750089391371 0.9444444444444444 0
1750089391646 0.9444444444444444 0
1750089391846 0.9444444444444444 0
1750089392082 0.9444444444444444 0
1750089392228 0.9444444444444444 0
1750089392459 0.9444444444444444 0
1750089392742 0.9444444444444444 0
1750089392962 0.9444444444444444 0
1750089393169 0.9444444444444444 0
1750089393495 0.9444444444444444 0
1750089393869 0.9444444444444444 0
1750089394127 0.9444444444444444 0
1750089394337 0.9444444444444444 0
1750089394618 0.9444444444444444 0
1750089394852 0.9444444444444444 0
1750089395156 0.9444444444444444 0
1750089395424 0.9444444444444444 0
1750089395684 0.9444444444444444 0
1750089395997 0.9444444444444444 0
1750089396471 0.9444444444444444 0
1750089397081 0.9444444444444444 0
1750089397475 0.9444444444444444 0
1750089397819 0.9444444444444444 0
