1750089383192 0.9444444444444444 0
1750089383445 0.9444444444444444 0
1750089383886 0.9444444444444444 0
1750089384092 0.9444444444444444 0
1750089384257 0.9444444444444444 0
1750089384567 0.9444444444444444 0
1750089384741 0.9444444444444444 0
1750089384926 0.9444444444444444 0
1750089385184 0.9444444444444444 0
1750089385513 0.9444444444444444 0
1750089386000 0.9444444444444444 0
1750089386222 0.9166666666666666 0
1750089386576 0.9444444444444444 0
1750089387085 0.9444444444444444 0
1750089387372 0.9444444444444444 0
1750089387790 0.9444444444444444 0
1750089388032 0.9444444444444444 0
1750089388335 0.9444444444444444 0
1750089388693 0.9444444444444444 0
1750089389029 0.9444444444444444 0
1750089389338 0.9444444444444444 0
1750089389637 0.9444444444444444 0
1750089389927 0.9444444444444444 0
1750089390167 0.9444444444444444 0
1750089390441 0.9444444444444444 0
1750089390780 0.9444444444444444 0
1750089391123 0.9444444444444444 0
1750089391380 0.9444444444444444 0
1750089391652 0.9444444444444444 0
1750089391851 0.9444444444444444 0
1750089392088 0.9444444444444444 0
1750089392234 0.9444444444444444 0
1750089392464 0.9444444444444444 0
1750089392749 0.9444444444444444 0
1750089392967 0.9444444444444444 0
1750089393177 0.9444444444444444 0
1750089393500 0.9444444444444444 0
1750089393874 0.9444444444444444 0
1750089394132 0.9444444444444444 0
1750089394342 0.9444444444444444 0
1750089394626 0.9444444444444444 0
1750089394859 0.9444444444444444 0
1750089395162 0.9444444444444444 0
1750089395432 0.9444444444444444 0
1750089395692 0.9444444444444444 0
1750089396004 0.9444444444444444 0
1750089396479 0.9444444444444444 0
1750089397088 0.9444444444444444 0
1750089397480 0.9444444444444444 0
1750089397827 0.9444444444444444 0
