1750089866925 0.9444444444444444 0
1750089867267 0.9444444444444444 0
1750089867592 0.9444444444444444 0
1750089867879 0.9444444444444444 0
1750089868199 0.9444444444444444 0
1750089868348 0.9444444444444444 0
1750089868630 0.9444444444444444 0
1750089868773 0.9444444444444444 0
1750089868912 0.9444444444444444 0
1750089869132 0.9444444444444444 0
1750089869385 0.9444444444444444 0
1750089869742 0.9444444444444444 0
1750089870014 0.9444444444444444 0
1750089870303 0.9444444444444444 0
1750089870530 0.9444444444444444 0
1750089870827 0.9444444444444444 0
1750089871076 0.9444444444444444 0
1750089871282 0.9444444444444444 0
1750089871603 0.9444444444444444 0
1750089871843 0.9444444444444444 0
1750089872043 0.9444444444444444 0
1750089872224 0.9444444444444444 0
1750089872408 0.9444444444444444 0
1750089872563 0.9444444444444444 0
1750089872789 0.9444444444444444 0
1750089873117 0.9444444444444444 0
1750089873384 0.9444444444444444 0
1750089873600 0.9444444444444444 0
1750089873886 0.9444444444444444 0
1750089874118 0.9444444444444444 0
1750089874559 0.9444444444444444 0
1750089874782 0.9444444444444444 0
1750089875077 0.9444444444444444 0
1750089875315 0.9444444444444444 0
1750089875536 0.9444444444444444 0
1750089875730 0.9444444444444444 0
1750089876256 0.9444444444444444 0
1750089876563 0.9444444444444444 0
1750089876855 0.9444444444444444 0
1750089877150 0.9444444444444444 0
1750089877422 0.9444444444444444 0
1750089877632 0.9444444444444444 0
1750089877811 0.9444444444444444 0
1750089878034 0.9444444444444444 0
1750089878197 0.9444444444444444 0
1750089878513 0.9444444444444444 0
1750089878702 0.9444444444444444 0
1750089878932 0.9444444444444444 0
1750089879105 0.9444444444444444 0
1750089879490 0.9444444444444444 0
