1750089866965 0.9444444444444444 0
1750089867284 0.9444444444444444 0
1750089867612 0.9444444444444444 0
1750089867898 0.9444444444444444 0
1750089868216 0.9444444444444444 0
1750089868372 0.9444444444444444 0
1750089868646 0.9444444444444444 0
1750089868791 0.9444444444444444 0
1750089868928 0.9444444444444444 0
1750089869145 0.9444444444444444 0
1750089869400 0.9444444444444444 0
1750089869759 0.9444444444444444 0
1750089870030 0.9444444444444444 0
1750089870322 0.9444444444444444 0
1750089870544 0.9444444444444444 0
1750089870842 0.9444444444444444 0
1750089871092 0.9444444444444444 0
1750089871298 0.9444444444444444 0
1750089871615 0.9444444444444444 0
1750089871859 0.9444444444444444 0
1750089872059 0.9444444444444444 0
1750089872240 0.9444444444444444 0
1750089872424 0.9444444444444444 0
1750089872582 0.9444444444444444 0
1750089872803 0.9444444444444444 0
1750089873134 0.9444444444444444 0
1750089873402 0.9444444444444444 0
1750089873616 0.9444444444444444 0
1750089873904 0.9444444444444444 0
1750089874134 0.9444444444444444 0
1750089874578 0.9444444444444444 0
1750089874801 0.9444444444444444 0
1750089875095 0.9444444444444444 0
1750089875331 0.9444444444444444 0
1750089875573 0.9444444444444444 0
1750089875745 0.9444444444444444 0
1750089876272 0.9444444444444444 0
1750089876584 0.9444444444444444 0
1750089876877 0.9444444444444444 0
1750089877168 0.9444444444444444 0
1750089877438 0.9444444444444444 0
1750089877646 0.9444444444444444 0
1750089877827 0.9444444444444444 0
1750089878048 0.9444444444444444 0
1750089878216 0.9444444444444444 0
1750089878527 0.9444444444444444 0
1750089878716 0.9444444444444444 0
1750089878948 0.9444444444444444 0
1750089879119 0.9444444444444444 0
1750089879511 0.9444444444444444 0
