1750089866939 0.9444444444444444 0
1750089867274 0.9444444444444444 0
1750089867599 0.9444444444444444 0
1750089867887 0.9444444444444444 0
1750089868205 0.9444444444444444 0
1750089868355 0.9444444444444444 0
1750089868636 0.9444444444444444 0
1750089868779 0.9444444444444444 0
1750089868918 0.9444444444444444 0
1750089869137 0.9444444444444444 0
1750089869391 0.9444444444444444 0
1750089869747 0.9444444444444444 0
1750089870019 0.9444444444444444 0
1750089870309 0.9444444444444444 0
1750089870535 0.9444444444444444 0
1750089870833 0.9444444444444444 0
1750089871082 0.9444444444444444 0
1750089871288 0.9444444444444444 0
1750089871607 0.9444444444444444 0
1750089871848 0.9444444444444444 0
1750089872049 0.9444444444444444 0
1750089872230 0.9444444444444444 0
1750089872413 0.9444444444444444 0
1750089872571 0.9444444444444444 0
1750089872794 0.9444444444444444 0
1750089873123 0.9444444444444444 0
1750089873390 0.9444444444444444 0
1750089873606 0.9444444444444444 0
1750089873893 0.9444444444444444 0
1750089874124 0.9444444444444444 0
1750089874566 0.9444444444444444 0
1750089874789 0.9444444444444444 0
1750089875084 0.9444444444444444 0
1750089875321 0.9444444444444444 0
1750089875556 0.9444444444444444 0
1750089875734 0.9444444444444444 0
1750089876262 0.9444444444444444 0
1750089876571 0.9444444444444444 0
1750089876862 0.9444444444444444 0
1750089877156 0.9444444444444444 0
1750089877429 0.9444444444444444 0
1750089877636 0.9444444444444444 0
1750089877817 0.9444444444444444 0
1750089878038 0.9444444444444444 0
1750089878204 0.9444444444444444 0
1750089878517 0.9444444444444444 0
1750089878707 0.9444444444444444 0
1750089878939 0.9444444444444444 0
1750089879107 0.9444444444444444 0
1750089879496 0.9444444444444444 0
