1750089866952 0.9444444444444444 0
1750089867279 0.9444444444444444 0
1750089867605 0.9444444444444444 0
1750089867894 0.9444444444444444 0
1750089868210 0.9444444444444444 0
1750089868364 0.9444444444444444 0
1750089868641 0.9444444444444444 0
1750089868785 0.9444444444444444 0
1750089868923 0.9444444444444444 0
1750089869142 0.9444444444444444 0
1750089869395 0.9444444444444444 0
1750089869754 0.9444444444444444 0
1750089870025 0.9444444444444444 0
1750089870317 0.9444444444444444 0
1750089870540 0.9444444444444444 0
1750089870839 0.9444444444444444 0
1750089871088 0.9444444444444444 0
1750089871292 0.9444444444444444 0
1750089871611 0.9444444444444444 0
1750089871854 0.9444444444444444 0
1750089872055 0.9444444444444444 0
1750089872234 0.9444444444444444 0
1750089872418 0.9444444444444444 0
1750089872576 0.9444444444444444 0
1750089872799 0.9444444444444444 0
1750089873129 0.9444444444444444 0
1750089873396 0.9444444444444444 0
1750089873612 0.9444444444444444 0
1750089873898 0.9444444444444444 0
1750089874128 0.9444444444444444 0
1750089874571 0.9444444444444444 0
1750089874795 0.9444444444444444 0
1750089875089 0.9444444444444444 0
1750089875325 0.9444444444444444 0
1750089875564 0.9444444444444444 0
1750089875740 0.9444444444444444 0
1750089876269 0.9444444444444444 0
1750089876579 0.9444444444444444 0
1750089876871 0.9444444444444444 0
1750089877162 0.9444444444444444 0
1750089877432 0.9444444444444444 0
1750089877641 0.9444444444444444 0
1750089877821 0.9444444444444444 0
1750089878044 0.9444444444444444 0
1750089878210 0.9444444444444444 0
1750089878523 0.9444444444444444 0
1750089878709 0.9444444444444444 0
1750089878943 0.9444444444444444 0
1750089879115 0.9444444444444444 0
1750089879504 0.9444444444444444 0
