1750089789742 0.9444444444444444 0
1750089790010 0.9444444444444444 0
1750089790392 0.9444444444444444 0
1750089790646 0.9444444444444444 0
1750089790940 0.9444444444444444 0
1750089791273 0.9444444444444444 0
1750089791420 0.9444444444444444 0
1750089791603 0.9444444444444444 0
1750089791997 0.9444444444444444 0
1750089792222 0.9166666666666666 0
1750089792508 0.9444444444444444 0
1750089792768 0.9444444444444444 0
1750089793082 0.9444444444444444 0
1750089793273 0.9444444444444444 0
1750089793618 0.9444444444444444 0
1750089793798 0.9444444444444444 0
1750089793992 0.9444444444444444 0
1750089794240 0.9444444444444444 0
1750089794414 0.9444444444444444 0
1750089794659 0.9444444444444444 0
1750089795196 0.9444444444444444 0
1750089795501 0.9444444444444444 0
1750089795852 0.9444444444444444 0
1750089796316 0.9444444444444444 0
1750089796643 0.9444444444444444 0
1750089797034 0.9444444444444444 0
1750089797382 0.9444444444444444 0
1750089797630 0.9444444444444444 0
1750089797886 0.9444444444444444 0
1750089798709 0.9444444444444444 0
1750089799153 0.9444444444444444 0
1750089799976 0.9444444444444444 0
1750089802005 0.9444444444444444 0
1750089803332 0.9444444444444444 0
1750089804398 0.9444444444444444 0
1750089805477 0.9444444444444444 0
1750089806591 0.9444444444444444 0
1750089807341 0.9444444444444444 0
1750089808249 0.9444444444444444 0
1750089809088 0.9444444444444444 0
1750089809799 0.9444444444444444 0
1750089811056 0.9444444444444444 0
1750089812695 0.9444444444444444 0
1750089814212 0.9444444444444444 0
1750089815871 0.9444444444444444 0
1750089816584 0.9444444444444444 0
1750089817807 0.9444444444444444 0
1750089818590 0.9444444444444444 0
1750089819558 0.9444444444444444 0
1750089820716 0.9444444444444444 0
