1750089789783 0.9444444444444444 0
1750089790026 0.9444444444444444 0
1750089790408 0.9444444444444444 0
1750089790660 0.9444444444444444 0
1750089790956 0.9444444444444444 0
1750089791292 0.9444444444444444 0
1750089791438 0.9444444444444444 0
1750089791622 0.9444444444444444 0
1750089792015 0.9444444444444444 0
1750089792239 0.914484126984127 0
1750089792529 0.9444444444444444 0
1750089792788 0.9444444444444444 0
1750089793099 0.9444444444444444 0
1750089793294 0.9444444444444444 0
1750089793637 0.9444444444444444 0
1750089793813 0.944381443298969 0
1750089794008 0.9444444444444444 0
1750089794258 0.9444444444444444 0
1750089794430 0.9444444444444444 0
1750089794678 0.9444444444444444 0
1750089795220 0.9444444444444444 0
1750089795529 0.9444444444444444 0
1750089795869 0.9444444444444444 0
1750089796331 0.9444444444444444 0
1750089796660 0.9444444444444444 0
1750089797050 0.9444444444444444 0
1750089797398 0.9444444444444444 0
1750089797646 0.9444444444444444 0
1750089797904 0.9444444444444444 0
1750089798729 0.9444444444444444 0
1750089799172 0.9444444444444444 0
1750089800024 0.9444444444444444 0
1750089802062 0.9444444444444444 0
1750089803382 0.9444444444444444 0
1750089804450 0.9444444444444444 0
1750089805526 0.9444444444444444 0
1750089806641 0.9444444444444444 0
1750089807400 0.9444444444444444 0
1750089808286 0.9444444444444444 0
1750089809120 0.9444444444444444 0
1750089809836 0.9444444444444444 0
1750089811089 0.9444444444444444 0
1750089812748 0.9444444444444444 0
1750089814244 0.9444444444444444 0
1750089815910 0.9444444444444444 0
1750089816616 0.9444444444444444 0
1750089817842 0.9444444444444444 0
1750089818621 0.9444444444444444 0
1750089819596 0.9444444444444444 0
1750089820753 0.9444444444444444 0
