1750089789749 0.9444444444444444 0
1750089790016 0.9444444444444444 0
1750089790398 0.9444444444444444 0
1750089790650 0.9444444444444444 0
1750089790944 0.9444444444444444 0
1750089791282 0.9444444444444444 0
1750089791425 0.9444444444444444 0
1750089791609 0.9444444444444444 0
1750089792005 0.9444444444444444 0
1750089792228 0.9160493827160495 0
1750089792517 0.9444444444444444 0
1750089792775 0.9444444444444444 0
1750089793087 0.9444444444444444 0
1750089793280 0.9444444444444444 0
1750089793625 0.9444444444444444 0
1750089793803 0.9450113378684806 0
1750089793998 0.9444444444444444 0
1750089794246 0.9444444444444444 0
1750089794420 0.9444444444444444 0
1750089794666 0.9444444444444444 0
1750089795205 0.9444444444444444 0
1750089795518 0.9444444444444444 0
1750089795857 0.9444444444444444 0
1750089796321 0.9444444444444444 0
1750089796649 0.9444444444444444 0
1750089797040 0.9444444444444444 0
1750089797388 0.9444444444444444 0
1750089797635 0.9444444444444444 0
1750089797892 0.9444444444444444 0
1750089798717 0.9444444444444444 0
1750089799160 0.9444444444444444 0
1750089799992 0.9444444444444444 0
1750089802026 0.9444444444444444 0
1750089803348 0.9444444444444444 0
1750089804414 0.9444444444444444 0
1750089805492 0.9444444444444444 0
1750089806606 0.9444444444444444 0
1750089807365 0.9444444444444444 0
1750089808263 0.9444444444444444 0
1750089809101 0.9444444444444444 0
1750089809818 0.9444444444444444 0
1750089811067 0.9444444444444444 0
1750089812713 0.9444444444444444 0
1750089814221 0.9444444444444444 0
1750089815882 0.9444444444444444 0
1750089816592 0.9444444444444444 0
1750089817824 0.9444444444444444 0
1750089818601 0.9444444444444444 0
1750089819568 0.9444444444444444 0
1750089820728 0.9444444444444444 0
