1750089789765 0.9444444444444444 0
1750089790022 0.9444444444444444 0
1750089790403 0.9444444444444444 0
1750089790655 0.9444444444444444 0
1750089790950 0.9444444444444444 0
1750089791286 0.9444444444444444 0
1750089791432 0.9444444444444444 0
1750089791615 0.9444444444444444 0
1750089792009 0.9444444444444444 0
1750089792233 0.9166666666666666 0
1750089792523 0.9444444444444444 0
1750089792782 0.9444444444444444 0
1750089793095 0.9444444444444444 0
1750089793286 0.9444444444444444 0
1750089793632 0.9444444444444444 0
1750089793807 0.9444444444444444 0
1750089794004 0.9444444444444444 0
1750089794253 0.9444444444444444 0
1750089794424 0.9444444444444444 0
1750089794672 0.9444444444444444 0
1750089795212 0.9444444444444444 0
1750089795523 0.9444444444444444 0
1750089795862 0.9444444444444444 0
1750089796326 0.9444444444444444 0
1750089796655 0.9444444444444444 0
1750089797044 0.9444444444444444 0
1750089797394 0.9444444444444444 0
1750089797641 0.9444444444444444 0
1750089797898 0.9444444444444444 0
1750089798723 0.9444444444444444 0
1750089799166 0.9444444444444444 0
1750089800007 0.9444444444444444 0
1750089802044 0.9444444444444444 0
1750089803364 0.9444444444444444 0
1750089804432 0.9444444444444444 0
1750089805508 0.9444444444444444 0
1750089806622 0.9444444444444444 0
1750089807386 0.9444444444444444 0
1750089808277 0.9444444444444444 0
1750089809110 0.9444444444444444 0
1750089809828 0.9444444444444444 0
1750089811082 0.9444444444444444 0
1750089812732 0.9444444444444444 0
1750089814232 0.9444444444444444 0
1750089815895 0.9444444444444444 0
1750089816600 0.9444444444444444 0
1750089817830 0.9444444444444444 0
1750089818613 0.9444444444444444 0
1750089819585 0.9444444444444444 0
1750089820745 0.9444444444444444 0
