1750088976591 0.9444444444444444 0
1750088976952 0.9444444444444444 0
1750088977455 0.9444444444444444 0
1750088977799 0.9444444444444444 0
1750088978151 0.9444444444444444 0
1750088978334 0.9444444444444444 0
1750088978588 0.9444444444444444 0
1750088978787 0.9444444444444444 0
1750088978982 0.9444444444444444 0
1750088979189 0.9444444444444444 0
1750088979388 0.9444444444444444 0
1750088979779 0.9444444444444444 0
1750088980013 0.9444444444444444 0
1750088980234 0.9444444444444444 0
1750088980434 0.9444444444444444 0
1750088980664 0.9444444444444444 0
1750088980977 0.9444444444444444 0
1750088981277 0.9444444444444444 0
1750088981491 0.9444444444444444 0
1750088981727 0.9444444444444444 0
1750088981954 0.9444444444444444 0
1750088982365 0.9444444444444444 0
1750088982655 0.9444444444444444 0
1750088983020 0.9444444444444444 0
1750088983319 0.9444444444444444 0
1750088983795 0.9444444444444444 0
1750088983993 0.9444444444444444 0
1750088984270 0.9444444444444444 0
1750088984677 0.9444444444444444 0
1750088984865 0.9444444444444444 0
1750088985244 0.9166666666666666 0
1750088985466 0.9444444444444444 0
1750088985740 0.9444444444444444 0
1750088986163 0.9444444444444444 0
1750088986451 0.9444444444444444 0
1750088986968 0.9444444444444444 0
1750088987425 0.9444444444444444 0
1750088987811 0.9444444444444444 0
1750088988296 0.9444444444444444 0
1750088988575 0.9444444444444444 0
1750088988943 0.9444444444444444 0
1750088989394 0.9166666666666666 0
1750088989852 0.9166666666666666 0
1750088990763 0.9305555555555556 0
1750088991292 0.9444444444444444 0
1750088993034 0.9444444444444444 0
1750088993609 0.9444444444444444 0
1750088993924 0.9444444444444444 0
1750088994306 0.9444444444444444 0
1750088994730 0.9444444444444444 0
