1750088976614 0.9444444444444444 0
1750088976970 0.9444444444444444 0
1750088977478 0.9444444444444444 0
1750088977821 0.9444444444444444 0
1750088978169 0.9444444444444444 0
1750088978348 0.9444444444444444 0
1750088978604 0.9444444444444444 0
1750088978801 0.9444444444444444 0
1750088978997 0.9444444444444444 0
1750088979205 0.9444444444444444 0
1750088979414 0.9444444444444444 0
1750088979793 0.9444444444444444 0
1750088980029 0.9444444444444444 0
1750088980249 0.9444444444444444 0
1750088980450 0.9444444444444444 0
1750088980679 0.9444444444444444 0
1750088980993 0.9444444444444444 0
1750088981292 0.9444444444444444 0
1750088981510 0.9444444444444444 0
1750088981745 0.9444444444444444 0
1750088981975 0.9444444444444444 0
1750088982384 0.9444444444444444 0
1750088982669 0.9444444444444444 0
1750088983040 0.9444444444444444 0
1750088983341 0.9444444444444444 0
1750088983813 0.9444444444444444 0
1750088984008 0.9444444444444444 0
1750088984289 0.9444444444444444 0
1750088984693 0.9444444444444444 0
1750088984886 0.9444444444444444 0
1750088985261 0.914484126984127 0
1750088985479 0.9444444444444444 0
1750088985778 0.9444444444444444 0
1750088986198 0.9444444444444444 0
1750088986469 0.9444444444444444 0
1750088986995 0.9444444444444444 0
1750088987444 0.9444444444444444 0
1750088987828 0.9444444444444444 0
1750088988312 0.9444444444444444 0
1750088988593 0.9444444444444444 0
1750088988960 0.9444444444444444 0
1750088989411 0.914484126984127 0
1750088989871 0.914484126984127 0
1750088990782 0.9296737213403881 0
1750088991314 0.9444444444444444 0
1750088993066 0.9444444444444444 0
1750088993631 0.9444444444444444 0
1750088993940 0.9444444444444444 0
1750088994323 0.9444444444444444 0
1750088994753 0.9444444444444444 0
