1750088976601 0.9444444444444444 0
1750088976958 0.9444444444444444 0
1750088977464 0.9444444444444444 0
1750088977807 0.9444444444444444 0
1750088978157 0.9444444444444444 0
1750088978340 0.9444444444444444 0
1750088978593 0.9444444444444444 0
1750088978791 0.9444444444444444 0
1750088978988 0.9444444444444444 0
1750088979196 0.9444444444444444 0
1750088979394 0.9444444444444444 0
1750088979784 0.9444444444444444 0
1750088980020 0.9444444444444444 0
1750088980240 0.9444444444444444 0
1750088980440 0.9444444444444444 0
1750088980671 0.9444444444444444 0
1750088980982 0.9444444444444444 0
1750088981282 0.9444444444444444 0
1750088981498 0.9444444444444444 0
1750088981733 0.9444444444444444 0
1750088981959 0.9444444444444444 0
1750088982373 0.9444444444444444 0
1750088982661 0.9444444444444444 0
1750088983027 0.9444444444444444 0
1750088983325 0.9444444444444444 0
1750088983802 0.9444444444444444 0
1750088983999 0.9444444444444444 0
1750088984276 0.9444444444444444 0
1750088984683 0.9444444444444444 0
1750088984874 0.9444444444444444 0
1750088985252 0.9160493827160495 0
1750088985471 0.9444444444444444 0
1750088985750 0.9444444444444444 0
1750088986173 0.9444444444444444 0
1750088986457 0.9444444444444444 0
1750088986977 0.9444444444444444 0
1750088987432 0.9444444444444444 0
1750088987817 0.9444444444444444 0
1750088988301 0.9444444444444444 0
1750088988581 0.9444444444444444 0
1750088988951 0.9444444444444444 0
1750088989399 0.9160493827160495 0
1750088989858 0.9160493827160495 0
1750088990769 0.9297619047619047 0
1750088991301 0.9444444444444444 0
1750088993046 0.9444444444444444 0
1750088993618 0.9444444444444444 0
1750088993930 0.9444444444444444 0
1750088994311 0.9444444444444444 0
1750088994736 0.9444444444444444 0
