1750088976607 0.9444444444444444 0
1750088976965 0.9444444444444444 0
1750088977471 0.9444444444444444 0
1750088977813 0.9444444444444444 0
1750088978163 0.9444444444444444 0
1750088978344 0.9444444444444444 0
1750088978597 0.9444444444444444 0
1750088978797 0.9444444444444444 0
1750088978993 0.9444444444444444 0
1750088979201 0.9444444444444444 0
1750088979407 0.9444444444444444 0
1750088979789 0.9444444444444444 0
1750088980025 0.9444444444444444 0
1750088980245 0.9444444444444444 0
1750088980445 0.9444444444444444 0
1750088980675 0.9444444444444444 0
1750088980988 0.9444444444444444 0
1750088981287 0.9444444444444444 0
1750088981505 0.9444444444444444 0
1750088981739 0.9444444444444444 0
1750088981967 0.9444444444444444 0
1750088982375 0.9444444444444444 0
1750088982665 0.9444444444444444 0
1750088983035 0.9444444444444444 0
1750088983334 0.9444444444444444 0
1750088983807 0.9444444444444444 0
1750088984004 0.9444444444444444 0
1750088984284 0.9444444444444444 0
1750088984689 0.9444444444444444 0
1750088984877 0.9444444444444444 0
1750088985257 0.9166666666666666 0
1750088985475 0.9444444444444444 0
1750088985767 0.9444444444444444 0
1750088986188 0.9444444444444444 0
1750088986464 0.9444444444444444 0
1750088986985 0.9444444444444444 0
1750088987438 0.9444444444444444 0
1750088987823 0.9444444444444444 0
1750088988307 0.9444444444444444 0
1750088988586 0.9444444444444444 0
1750088988955 0.9444444444444444 0
1750088989404 0.9166666666666666 0
1750088989867 0.9166666666666666 0
1750088990775 0.9305555555555556 0
1750088991307 0.9444444444444444 0
1750088993055 0.9444444444444444 0
1750088993625 0.9444444444444444 0
1750088993933 0.9444444444444444 0
1750088994319 0.9444444444444444 0
1750088994745 0.9444444444444444 0
